-46.0473
-37.6747
-27.8839
-19.6483
-28.273
-38.0824
19.2659
27.8942
37.4375
45.1708
38.1965
28.765
-28.9163
-17.5332
-6.68459
0.381001
8.37544
18.8766
28.7944
19.0576
8.95638
0.381549
-7.42889
-18.1606
-24.3775
-6.89763
0.340663
8.44472
24.4745
8.44917
0.205322
-7.19827
-37.4714
-42.7305
-42.7115
-36.7547
-35.1345
-34.919
-37.0323
-43.3424
-43.1108
-38.0865
-35.532
-35.4843
28.6127
22.1722
19.0291
20.7211
19.0355
22.3941
28.0799
36.2982
39.6346
40.3956
39.8364
36.6779
28.6778
25.476
26.0143
25.3262
28.323
30.5962
31.4087
30.8449
-7.03799
-3.02122
-1.35363
0.111088
0.147273
-1.47661
0.665746
-0.24766
-1.69643
-4.89416
-0.282961
1.17268
2.24031
15.9343
22.6114
23.7484
22.722
15.6107
3.21739
14.988
22.5542
23.5916
22.4061
15.1219
4.78568
20.8937
22.2205
21.0255
5.71278
20.6715
21.9037
20.328
